c1c3_1       2.29726e+00   2.31613e-01   5.12351e-05   5.93401e-02
c1c3_2       2.26188e+00   2.36772e-01  -1.82393e-05  -4.91772e-02
c1c3_3       2.13605e+00   2.05801e-01   9.66459e-06   8.85308e-02
c1c3_4       2.70041e+00   1.71477e-01  -4.50245e-06  -1.29420e-01
c1c3_5       2.40728e+00   2.14368e-01   4.40541e-05   1.64314e-01
c1c3_6       2.44756e+00   2.19096e-01   2.99296e-05   1.02287e-01
tt_c1c3_1    4.12201e-01   1.29915e-01   9.18852e-05   2.63340e-02
tt_c1c3_2    5.93900e-01   1.33822e-01   5.02144e-05   5.61906e-02
tt_c1c3_3    6.67384e-01   1.41822e-01   1.08105e-04   2.64218e-02
tt_c1c3_4    7.28377e-01   1.50279e-01   1.02157e-04  -3.11011e-02
tt_c1c3_5    7.76833e-01   1.56700e-01   5.03202e-05   3.96071e-02
tt_c1c3_6    6.60861e-01   1.95711e-01   6.91734e-05   3.81817e-03
t1           3.57740e-01   2.18034e-02  -1.03922e-05   5.13804e-01
t3           2.40664e+00   1.56362e-02   4.17007e-06  -5.29364e-01
sig          4.74678e-01   7.54561e-03   3.72921e-06  -6.80900e-01
t0_dd       -1.86026e+00   1.45439e-02   3.69496e-06  -5.76393e-01
t0_tt       -2.18524e+00   2.11781e-02   1.11291e-05  -9.32633e-01
t3_tt        2.52083e+00   1.62083e-02   1.64544e-05  -2.79798e-01
